0 0.31484375 0.0875 0.315625 0.11328125
0 0.11640625 0.19765625 0.22734375 0.11953125
0 0.3375 0.22265625 0.2578125 0.11953125
0 0.3484375 0.34609375 0.24296875 0.10703125
0 0.125 0.32578125 0.24921875 0.12578125
0 0.34921875 0.50703125 0.23046875 0.140625
0 0.13359375 0.57421875 0.26640625 0.1296875
0 0.371875 0.64765625 0.31328125 0.13125
0 0.11640625 0.7015625 0.23203125 0.109375
0 0.35234375 0.821875 0.31484375 0.11875
0 0.33359375 0.934375 0.2984375 0.1046875
0 0.7 0.1359375 0.31640625 0.134375
0 0.68984375 0.2640625 0.33046875 0.1171875
0 0.67421875 0.3828125 0.3359375 0.0953125
0 0.6828125 0.48046875 0.3171875 0.115625
0 0.7046875 0.56328125 0.32265625 0.10078125
0 0.6125 0.67734375 0.18828125 0.11171875
0 0.790625 0.69765625 0.1671875 0.1390625
0 0.671875 0.80078125 0.3140625 0.09765625
0 0.68828125 0.8984375 0.35546875 0.1296875