0 0.265625 0.11328125 0.3265625 0.1515625
0 0.10078125 0.246875 0.2015625 0.146875
0 0.3046875 0.24453125 0.2703125 0.15
0 0.33046875 0.365625 0.2546875 0.1359375
0 0.11875 0.37265625 0.2375 0.1546875
0 0.3515625 0.525 0.2453125 0.1671875
0 0.1453125 0.61796875 0.2796875 0.1609375
0 0.390625 0.6625 0.3265625 0.16875
0 0.14375 0.746875 0.24375 0.1375
0 0.39296875 0.8375 0.3265625 0.15625
0 0.3875 0.940625 0.309375 0.11875
0 0.65390625 0.1140625 0.3296875 0.171875
0 0.659375 0.24296875 0.3421875 0.15625
0 0.65859375 0.3625 0.3453125 0.1359375
0 0.67890625 0.45859375 0.3296875 0.153125
0 0.7109375 0.5375 0.3328125 0.1390625
0 0.63359375 0.6625 0.2 0.134375
0 0.8125 0.6609375 0.1828125 0.1578125
0 0.70703125 0.77734375 0.3234375 0.1359375
0 0.73515625 0.87265625 0.36875 0.171875