0 0.61796875 0.928125 0.3296875 0.14375
0 0.83125 0.85859375 0.24375 0.153125
0 0.6171875 0.79921875 0.2734375 0.1578125
0 0.62578125 0.67578125 0.25625 0.14375
0 0.84296875 0.73046875 0.265625 0.1625
0 0.65 0.51640625 0.25 0.175
0 0.865625 0.48359375 0.26875 0.1703125
0 0.65 0.37421875 0.3296875 0.178125
0 0.89296875 0.3609375 0.2140625 0.14375
0 0.69609375 0.20546875 0.3296875 0.1671875
0 0.73203125 0.096875 0.3109375 0.15
0 0.2453125 0.828125 0.3328125 0.1828125
0 0.27578125 0.703125 0.3453125 0.1671875
0 0.309375 0.58828125 0.346875 0.146875
0 0.31640625 0.490625 0.33125 0.1640625
0 0.3078125 0.40546875 0.334375 0.15
0 0.41640625 0.30703125 0.203125 0.1390625
0 0.24375 0.259375 0.1875 0.1640625
0 0.37734375 0.17578125 0.325 0.1453125
0 0.3765625 0.084375 0.371875 0.16875