0 0.4859375 0.8015625 0.3375 0.396875
0 0.6578125 0.7921875 0.2703125 0.303125
0 0.78203125 0.7171875 0.3171875 0.3125
0 0.8640625 0.57890625 0.265625 0.2328125
0 0.86171875 0.415625 0.2765625 0.23125
0 0.7921875 0.29453125 0.2875 0.278125
0 0.6953125 0.22421875 0.253125 0.2875
0 0.5328125 0.16171875 0.25 0.3140625
0 0.25546875 0.2875 0.334375 0.2953125
0 0.16328125 0.42109375 0.2890625 0.2578125
0 0.18828125 0.56484375 0.3765625 0.3546875
0 0.26796875 0.70546875 0.33125 0.36875
0 0.39140625 0.18671875 0.325 0.3203125