0 0.3890625 0.79453125 0.21015625 0.36875
0 0.240625 0.70703125 0.18828125 0.25
0 0.15546875 0.58984375 0.24375 0.23671875
0 0.134375 0.43046875 0.2203125 0.16015625
0 0.19375 0.27890625 0.25078125 0.1453125
0 0.3109375 0.196875 0.2234375 0.2078125
0 0.428125 0.1703125 0.17265625 0.23984375
0 0.60234375 0.17578125 0.1546875 0.275
0 0.8078125 0.4 0.278125 0.20234375
0 0.840625 0.55859375 0.23828125 0.178125
0 0.76875 0.684375 0.321875 0.24921875
0 0.63359375 0.7796875 0.23125 0.30234375
0 0.72265625 0.25390625 0.25 0.24140625